0.0 0.0
31.022 0.0
32.486 0.0
39.267 0.0
32.691 0.0
32.753 0.0
0.0 0.0
42.339 0.0
63.705 0.0
32.959 0.0
19.221 0.0
33.109 0.0
30.169 0.0
0.0 0.0
32.721 0.0
32.717 0.0
19.191 0.0
19.195 0.0
19.195 0.0
30.119 0.0
32.731 0.0
69.784 0.0
33.012 0.0
29.619 0.0
0.0 0.0
32.7 0.0
19.091 0.0
30.153 0.0
19.178 0.0
19.17 0.0
0.0 0.0
33.173 0.0
69.903 0.0
32.979 0.0
30.186 0.0
0.0 0.0
32.729 0.0
42.35 0.0
38.829 0.0
32.764 0.0
0.0 0.0
64.061 0.0
33.138 0.0
69.818 0.0
33.01 0.0
30.371 0.0
0.0 0.0
32.736 0.0
32.738 0.0
31.032 0.0
0.0 0.0
33.114 0.0
19.288 0.0
69.827 0.0
32.759 0.0
19.207 0.0
30.495 0.0
33.152 0.0
69.812 0.0
33.118 0.0
30.308 0.0
29.44 0.0
32.761 0.0
69.806 0.0
38.835 0.0
32.577 0.0
0.0 0.0
0.0 0.0
19.242 0.0
32.745 0.0
32.708 0.0
69.814 0.0
0.0 0.0
32.745 0.0
69.806 0.0
19.214 0.0
32.738 0.0
19.157 0.0
29.435 0.0
33.159 0.0
69.813 0.0
32.78 0.0
30.217 0.0
0.0 0.0
19.197 0.0
0.0 0.0
63.707 0.0
38.71 0.0
19.165 0.0
19.198 0.0
19.175 0.0
69.806 0.0
0.0 0.0
39.707 0.0
33.154 0.0
33.121 0.0
33.084 0.0
41.019 0.0
29.292 0.0
42.271 0.0
0.0 0.0
33.155 0.0
38.816 0.0
30.139 0.0
30.116 0.0
0.0 0.0
18.302 0.0
0.0 0.0
29.665 0.0
30.526 0.0
0.0 0.0
38.752 0.0
42.325 0.0
30.498 0.0
41.074 0.0
32.351 0.0
0.0 0.0
33.147 0.0
41.031 0.0
0.0 0.0
41.001 0.0
39.281 0.0
30.096 0.0
19.19 0.0
38.856 0.0
30.607 0.0
32.831 0.0
0.0 0.0
63.729 0.0
30.468 0.0
30.141 0.0
0.0 0.0
38.803 0.0
29.718 0.0
41.115 0.0
39.206 0.0
30.143 0.0
0.0 0.0
30.276 0.0
20.083 0.0
