0.0 0.0
8.195 0.0
8.186 0.0
8.294 0.0
8.168 0.0
8.225 0.0
8.366 0.0
8.008 0.0
8.283 0.0
8.326 0.0
8.259 0.0
8.302 0.0
8.392 0.0
8.413 0.0
7.932 0.0
8.259 0.0
8.413 0.0
8.276 0.0
8.236 0.0
8.289 0.0
8.297 0.0
8.097 0.0
8.315 0.0
8.384 0.0
8.438 0.0
7.976 0.0
8.387 0.0
8.359 0.0
8.264 0.0
8.191 0.0
8.267 0.0
8.06 0.0
8.195 0.0
8.439 0.0
8.384 0.0
8.398 0.0
7.863 0.0
8.246 0.0
8.237 0.0
8.036 0.0
7.984 0.0
8.221 0.0
8.441 0.0
8.145 0.0
8.403 0.0
8.41 0.0
8.384 0.0
7.867 0.0
8.269 0.0
8.445 0.0
8.361 0.0
7.988 0.0
8.457 0.0
8.188 0.0
8.21 0.0
8.388 0.0
8.335 0.0
8.394 0.0
8.179 0.0
8.359 0.0
8.39 0.0
8.385 0.0
8.254 0.0
8.263 0.0
8.487 0.0
8.204 0.0
8.516 0.0
8.183 0.0
8.119 0.0
8.182 0.0
8.365 0.0
8.279 0.0
8.393 0.0
8.044 0.0
8.266 0.0
8.342 0.0
8.116 0.0
8.375 0.0
8.361 0.0
8.399 0.0
8.257 0.0
8.271 0.0
8.538 0.0
8.48 0.0
8.22 0.0
8.457 0.0
8.102 0.0
8.153 0.0
8.317 0.0
8.175 0.0
8.248 0.0
8.059 0.0
8.267 0.0
8.042 0.0
8.01 0.0
8.361 0.0
8.437 0.0
8.361 0.0
8.301 0.0
8.257 0.0
8.436 0.0
8.168 0.0
8.586 0.0
8.43 0.0
8.427 0.0
8.389 0.0
8.083 0.0
0.0 0.0
8.553 0.0
8.491 0.0
8.441 0.0
7.963 0.0
8.379 0.0
8.387 0.0
8.321 0.0
8.226 0.0
0.0 0.0
8.272 0.0
8.495 0.0
0.0 0.0
8.339 0.0
8.066 0.0
8.339 0.0
8.193 0.0
7.995 0.0
8.093 0.0
8.387 0.0
0.0 0.0
8.458 0.0
8.543 0.0
8.426 0.0
8.373 0.0
8.023 0.0
8.172 0.0
8.191 0.0
8.001 0.0
8.217 0.0
0.0 0.0
8.48 0.0
7.965 0.0
