0.0 0.0
124.877 0.0
120.401 0.0
123.691 0.0
122.495 0.0
122.644 0.0
109.93 0.0
121.621 0.0
116.811 0.0
123.841 0.0
125.473 0.0
121.012 0.0
122.345 0.0
110.202 0.0
120.277 0.0
125.48 0.0
128.614 0.0
123.807 0.0
123.243 0.0
120.251 0.0
122.495 0.0
115.465 0.0
123.991 0.0
121.896 0.0
110.678 0.0
119.934 0.0
127.431 0.0
120.7 0.0
125.037 0.0
123.119 0.0
107.846 0.0
120.7 0.0
115.913 0.0
123.991 0.0
122.046 0.0
109.93 0.0
119.679 0.0
125.985 0.0
122.648 0.0
123.619 0.0
112.324 0.0
115.764 0.0
123.691 0.0
115.614 0.0
123.991 0.0
122.196 0.0
110.23 0.0
119.968 0.0
125.18 0.0
125.038 0.0
110.529 0.0
119.69 0.0
128.328 0.0
115.166 0.0
123.392 0.0
128.286 0.0
121.035 0.0
122.965 0.0
116.066 0.0
123.841 0.0
122.196 0.0
121.896 0.0
122.162 0.0
118.302 0.0
122.046 0.0
120.879 0.0
112.752 0.0
108.882 0.0
123.835 0.0
120.7 0.0
125.663 0.0
119.055 0.0
111.444 0.0
119.649 0.0
119.204 0.0
127.73 0.0
120.401 0.0
128.356 0.0
120.55 0.0
123.458 0.0
117.11 0.0
123.243 0.0
125.498 0.0
110.828 0.0
123.991 0.0
108.278 0.0
115.764 0.0
122.926 0.0
128.179 0.0
123.457 0.0
123.542 0.0
112.922 0.0
110.795 0.0
120.408 0.0
123.991 0.0
126.683 0.0
123.991 0.0
121.448 0.0
120.315 0.0
122.953 0.0
109.895 0.0
120.844 0.0
120.251 0.0
121.466 0.0
121.999 0.0
110.23 0.0
125.038 0.0
0.0 0.0
121.317 0.0
122.644 0.0
110.23 0.0
120.251 0.0
127.241 0.0
122.495 0.0
121.556 0.0
122.161 0.0
0.0 0.0
120.999 0.0
126.177 0.0
0.0 0.0
119.503 0.0
119.354 0.0
121.869 0.0
124.589 0.0
120.126 0.0
123.991 0.0
123.991 0.0
0.0 0.0
116.901 0.0
123.392 0.0
122.046 0.0
109.93 0.0
120.4 0.0
122.903 0.0
121.896 0.0
120.7 0.0
125.507 0.0
0.0 0.0
121.702 0.0
131.02699 0.0
