0.0 0.0
176.019 0.0
175.938 0.0
175.83299 0.0
175.931 0.0
177.118 0.0
174.13499 0.0
177.62801 0.0
174.57201 0.0
176.414 0.0
177.877 0.0
176.66 0.0
176.99001 0.0
173.964 0.0
176.448 0.0
175.967 0.0
177.64101 0.0
177.869 0.0
178.174 0.0
176.89 0.0
177.12199 0.0
174.65601 0.0
176.68401 0.0
176.597 0.0
174.226 0.0
176.37199 0.0
178.131 0.0
176.64799 0.0
177.718 0.0
178.43401 0.0
174.14799 0.0
176.966 0.0
174.605 0.0
176.446 0.0
177.034 0.0
173.963 0.0
175.89999 0.0
176.608 0.0
175.515 0.0
176.064 0.0
173.87801 0.0
174.78999 0.0
176.83 0.0
174.54401 0.0
176.468 0.0
176.94099 0.0
173.767 0.0
175.933 0.0
175.79201 0.0
175.79401 0.0
173.73599 0.0
175.89 0.0
177.787 0.0
174.49001 0.0
175.806 0.0
177.737 0.0
176.66299 0.0
176.92799 0.0
174.584 0.0
176.64301 0.0
176.37601 0.0
175.918 0.0
176.31 0.0
173.979 0.0
175.342 0.0
176.821 0.0
174.605 0.0
173.662 0.0
177.617 0.0
176.295 0.0
176.252 0.0
174.839 0.0
173.948 0.0
176.51401 0.0
174.008 0.0
177.51801 0.0
175.97099 0.0
177.58501 0.0
175.905 0.0
176.644 0.0
174.383 0.0
176.104 0.0
176.979 0.0
174.08501 0.0
178.46001 0.0
174.242 0.0
174.231 0.0
176.233 0.0
177.505 0.0
177.687 0.0
178.12 0.0
175.105 0.0
173.543 0.0
175.427 0.0
175.36 0.0
176.41499 0.0
176.31599 0.0
176.142 0.0
175.985 0.0
177.94 0.0
174.021 0.0
176.39799 0.0
175.276 0.0
176.506 0.0
177.052 0.0
173.377 0.0
175.508 0.0
0.0 0.0
175.92999 0.0
176.79201 0.0
173.694 0.0
176.22301 0.0
177.095 0.0
175.823 0.0
175.787 0.0
174.033 0.0
0.0 0.0
175.726 0.0
174.65199 0.0
0.0 0.0
176.108 0.0
175.326 0.0
176.021 0.0
177.155 0.0
175.265 0.0
175.306 0.0
174.20599 0.0
0.0 0.0
174.739 0.0
176.472 0.0
176.99001 0.0
173.76801 0.0
175.681 0.0
174.756 0.0
175.465 0.0
175.028 0.0
173.63 0.0
0.0 0.0
175.35899 0.0
175.23 0.0
