2 -0.97
3 6.3
4 3.29
5 0.12
6 9.57
7 2.78
8 -1.24
9 1.68
10 0.86
11 2.94
12 0.84
13 1.2
14 2.8
15 1.92
16 1.93
17 -0.31
18 2.93
19 2.93
20 1.19
21 5.2
22 5.94
23 5.19
24 5.83
25 2.79
26 1.92
27 2.94
28 1.23
29 2.94
30 2.94
31 2.78
32 0.84
33 1.58
34 5.22
35 1.23
36 2.8
37 1.92
38 -1.25
39 1.29
40 1.92
41 -1.58
42 1.65
43 0.86
44 1.55
45 5.2
46 1.2
47 2.78
48 1.96
49 -2.42
50 2.86
51 -1.58
52 -2.45
53 -1.42
54 1.6
55 1.94
56 -1.42
57 1.2
58 0.84
59 5.92
60 5.2
61 1.2
62 1.46
63 1.89
64 1.58
65 1.31
66 6.3
67 2.79
68 -1.58
69 -1.41
70 1.94
71 1.92
72 1.58
73 2.8
74 1.92
75 1.56
76 -1.41
77 1.92
78 2.96
79 -2.88
80 0.88
81 1.55
82 1.92
83 1.2
84 2.79
85 2.95
86 2.78
87 1.66
88 -0.17
89 2.99
90 -1.41
91 -1.41
92 1.56
93 -1.58
94 3.29
95 -2.44
96 0.85
97 0.84
98 3.4
99 1.49
100 3.12
101 2.79
102 0.84
103 1.33
104 1.21
105 1.2
106 -1.58
107 1.13
108 0
109 1.5
110 1.23
111 2.78
112 -0.15
113 -1.24
114 -3.16
115 -0.96
116 -0.69
117 -4.72
118 -2.44
119 -2.76
120 -0.36
121 3.4
122 5.69
123 1.21
124 -1.4
125 -3.05
126 -11.88
127 -0.69
128 -4.72
129 -2.69
130 -3.15
131 1.2
132 -1.58
133 1.3
134 -2.88
135 -0.96
136 -3.06
137 -29.31
138 -4.72
139 1.18
140 11.67

