39	24	16.73538476	0.096007	0.006192
39	62	16.73538476	0.120693	0.007547
39	79	16.73538476	0.043814	0.006536
39	94	16.73538476	0.089622	0.012276
94	24	16.20851241	0.020314	0.006954
94	39	16.20851241	0.081638	0.015799
94	62	16.20851241	0.169021	0.011238
94	79	16.20851241	0.148791	0.007604
125	24	15.01482151	0.052233	0.011186
125	39	15.01482151	0.055269	0.004111
125	62	15.01482151	0.063976	0.011171
125	79	15.01482151	0.044701	0.001083
125	94	15.01482151	0.081973	0.012838
136	24	16.99497151	0.031603	0.009432
136	39	16.99497151	0.07572	0.008791
136	94	16.99497151	0.091221	0.01
136	125	16.99497151	0.084996	0.016927
9	94	54.32348314	0.443616	0.011598
24	94	55.64401027	0.55064	0.029778
42	94	54.88773859	0.649322	0.009957
62	94	55.21055751	0.701938	0.003546
87	94	54.65054034	0.806751	0.001533
114	94	55.99587102	0.920139	0.001546
123	94	52.97606602	0.688724	0.007057
136	94	55.50529262	0.811156	0.002039
9	136	55.46964908	0.134271	0.007277
114	94	23.37	0.61	0.03
62	94	24.17	0.31	0.07
9	130	54	0.36	0
33	130	54	0.53	0
54	130	54	0.5	0
72	130	54	0.55	0
92	130	54	0.65	0
33	72	54	0.72	0
9	54	54	0.7	0
72	92	54	0.85	0
54	72	54	0.85	0
9	72	54	0.64	0
9	33	54	0.86	0
54	92	54	0.66	0
