0.0 0.0
54.274 0.0
62.625 0.0
58.024 0.0
55.334 0.0
56.988 0.0
45.236 0.0
55.119 0.0
58.42 0.0
56.411 0.0
52.627 0.0
56.295 0.0
56.707 0.0
45.276 0.0
62.573 0.0
62.396 0.0
52.549 0.0
52.766 0.0
52.79 0.0
56.729 0.0
56.711 0.0
62.381 0.0
56.716 0.0
56.442 0.0
45.377 0.0
62.679 0.0
52.797 0.0
56.754 0.0
52.772 0.0
52.795 0.0
45.375 0.0
56.277 0.0
61.949 0.0
56.508 0.0
56.942 0.0
45.236 0.0
62.369 0.0
54.962 0.0
57.986 0.0
62.081 0.0
45.138 0.0
58.461 0.0
56.707 0.0
61.933 0.0
56.672 0.0
56.716 0.0
45.241 0.0
62.356 0.0
62.059 0.0
56.3 0.0
45.15 0.0
61.954 0.0
52.386 0.0
61.901 0.0
62.116 0.0
52.411 0.0
56.644 0.0
56.471 0.0
62.049 0.0
56.653 0.0
56.907 0.0
55.845 0.0
62.368 0.0
61.87 0.0
53.154 0.0
62.627 0.0
45.344 0.0
45.09 0.0
52.352 0.0
62.388 0.0
62.217 0.0
61.943 0.0
45.337 0.0
62.379 0.0
61.957 0.0
52.389 0.0
62.253 0.0
52.352 0.0
55.65 0.0
56.245 0.0
61.953 0.0
62.139 0.0
56.731 0.0
45.359 0.0
52.815 0.0
45.325 0.0
58.463 0.0
61.287 0.0
52.577 0.0
52.36 0.0
52.429 0.0
61.953 0.0
45.154 0.0
57.972 0.0
61.991 0.0
56.299 0.0
56.47 0.0
54.423 0.0
55.844 0.0
55.419 0.0
45.366 0.0
56.266 0.0
53.24 0.0
56.603 0.0
56.735 0.0
44.99 0.0
50.529 0.0
0.0 0.0
55.653 0.0
56.717 0.0
45.265 0.0
60.895 0.0
54.99 0.0
56.641 0.0
54.119 0.0
53.198 0.0
0.0 0.0
61.958 0.0
52.071 0.0
0.0 0.0
54.534 0.0
53.47 0.0
56.741 0.0
52.35 0.0
57.603 0.0
55.452 0.0
53.242 0.0
0.0 0.0
58.176 0.0
56.479 0.0
56.716 0.0
45.203 0.0
58.122 0.0
55.397 0.0
54.122 0.0
57.581 0.0
53.618 0.0
0.0 0.0
56.524 0.0
53.711 0.0
